928 2737 78
3367 6986 91
9389 9748 54
3831 9169 41
7457 9872 37
9259 9883 32
2849 7335 82
2371 9701 83
7006 7913 69
820 7337 67
7274 7701 21
4244 6261 43
8347 9089 71
8802 9357 32
6156 9492 21
8198 8775 56
3573 4898 46
6823 8816 24
1692 9457 50
4532 8600 98
3175 5340 91
6313 9364 76
675 6158 38
5054 5055 94
3641 7684 85
2784 5012 44
366 6735 67
250 7385 46
1240 2859 92
9898 9969 73
7752 8177 66
2273 4797 91
399 3116 61
9724 9899 88
4652 4830 75
5305 8969 97
1000 1177 67
2860 6544 68
6969 9435 100
435 1357 39
4968 9023 69
6086 7447 96
7867 9766 68
9122 9487 48
7272 8798 30
6051 6887 32
9839 9978 85
8382 8495 55
855 2421 86
2678 5022 89
1553 2464 8
5197 8175 82
2913 9411 44
9842 9982 45
9925 9940 73
5005 5840 42
5928 8634 28
7992 8624 82
8740 8843 67
1149 4608 94
5748 6570 41
6042 6470 77
7035 9031 4
6959 7073 10
1067 7985 84
364 2370 86
1716 3409 22
7203 9192 75
5764 9604 6
5583 7041 99
8801 9288 61
8582 8801 35
1735 4286 100
5188 9959 21
9912 9936 41
5318 8425 96
5833 9894 3
8658 8835 81
5707 5844 20
5133 6771 46
2979 5628 59
8741 9414 99
3398 5371 63
6697 7561 76
1383 9940 16
4738 6543 60
8679 8680 97
5930 9696 44
8958 9261 78
2730 7062 60
622 989 7
2990 8101 42
910 4830 48
5308 6717 48
1121 8867 40
3393 8141 65
5469 7201 63
3970 6982 30
2561 9575 81
6899 7719 16
374 2790 69
5689 6974 7
9701 9933 78
4782 5179 26
2420 2707 84
4563 6384 60
3346 7887 77
4529 6009 90
8744 9176 63
6710 7141 18
2727 3800 17
2048 7291 2
4848 8983 57
2566 7974 11
5949 7368 70
7199 8452 57
1825 7142 23
5221 6562 12
2385 4105 7
9655 9925 67
3240 7119 71
1233 7223 76
3311 8190 13
5274 5825 48
9354 9954 12
4895 9511 97
5669 9410 45
7385 8875 61
8076 9916 55
9189 9805 97
370 6507 86
1664 4933 15
7626 8974 71
3199 7650 99
1455 2407 73
5428 6119 89
1621 2759 2
7657 9384 10
961 2844 73
6822 9644 17
4776 9807 59
7588 9808 57
1416 1754 63
9623 9905 2
483 4537 31
5156 6924 10
9920 9973 20
8287 9558 31
4597 8826 3
4292 6464 44
2876 6635 38
4465 5713 62
5260 7857 23
8663 9695 21
6964 9219 58
9361 9754 83
5944 7428 62
1122 5727 79
5661 6003 65
1114 8291 9
4805 5024 51
8344 8811 45
2847 8153 12
7053 9252 52
5234 5770 55
4586 9891 36
7229 9785 94
9604 9722 58
8359 9041 100
1010 3755 90
6983 8506 93
1064 4139 16
6440 9912 90
3550 9529 80
5488 7767 67
2282 4968 66
2021 6303 92
8062 8155 75
8676 9433 75
6678 7703 16
8501 9551 31
3132 3868 84
6490 8834 31
2118 7219 8
2852 8685 11
5472 7911 75
1079 4402 5
4435 6326 54
8744 9206 69
8903 9913 32
2893 9486 13
5750 7975 93
7071 7864 5
6497 9839 47
4287 9945 80
1511 8057 92
8576 9442 63
2088 7702 78
388 3490 21
410 4052 53
8090 9816 15
5904 8427 84
8369 8965 67
6087 8421 34
1199 6915 89
4274 9419 16
8508 8679 61
7506 8107 57
2665 9001 54
7929 9985 41
5732 8834 84
3175 3873 76
1244 5410 34
2994 3589 15
5006 9077 36
8824 8930 8
1186 3582 4
3867 7686 57
8037 9936 31
1077 9653 36
1145 9646 12
8315 9922 24
5518 8435 30
3487 7550 46
1475 8514 2
3368 5042 16
6336 8129 51
5713 6492 92
2584 6531 47
852 9679 94
410 9900 13
3709 5675 28
8830 9587 6
5662 7376 53
1317 9133 70
8109 9415 5
4669 9364 95
5415 8266 5
4452 7791 35
1792 3028 72
9661 9870 29
451 8911 67
9735 9954 79
443 970 22
3790 4281 31
2294 9775 69
3575 8951 86
1935 2625 19
4674 7990 44
2438 6964 59
2550 6154 98
2807 9000 10
8243 8347 85
8851 9251 93
400 836 86
5166 9814 21
2221 6928 79
7260 9133 3
6838 9340 41
3843 9416 41
9479 9662 83
9138 9301 82
1887 2462 50
5540 6153 87
4057 8239 89
5360 7696 25
3383 8132 93
4580 7776 67
6204 6480 100
1757 4199 84
2652 2841 33
2752 8968 39
2563 8888 34
2206 9873 62
3943 5170 88
4184 7258 76
5312 9155 47
7587 8740 89
5324 9160 69
5770 8579 64
6716 9746 73
8315 8754 86
8328 9494 40
3844 7290 89
9363 9587 31
7581 9416 39
1514 4576 52
4435 8169 69
7142 7948 50
9265 9472 95
9774 9930 22
7470 8290 2
7743 9871 94
1737 8530 56
3873 6144 50
2027 9076 85
1855 3453 37
9890 9914 18
5316 8698 24
8058 9901 55
213 9085 98
5869 6636 23
1103 9686 57
5713 8584 14
3197 7210 79
7236 8867 11
5878 9071 71
237 6907 21
9919 9985 93
2716 3044 75
7986 9729 82
2802 4453 28
4385 7406 98
1404 5072 92
7649 8312 81
498 538 89
2887 5824 43
7938 9273 85
3151 6652 46
8987 9245 7
8432 9696 33
4119 7390 22
6087 7932 72
2046 7938 60
4164 7096 87
5567 8982 98
8108 8294 93
8958 9674 27
1481 5344 69
2370 6859 71
9494 9712 82
9412 9707 48
7707 8418 91
3240 5406 69
7148 9113 55
2424 2628 52
5503 8374 43
8514 9258 78
5461 8277 4
6227 7847 61
7781 7905 82
3061 5222 46
7875 9112 94
4438 9809 68
3282 7646 29
3435 6271 28
4861 9914 14
6774 7787 31
2503 5334 51
6900 8410 31
2062 5567 96
7453 8540 9
7854 9806 1
9728 9947 98
4228 9033 31
8821 9107 45
5997 8315 100
2987 9925 31
3966 4956 2
8252 9683 44
2430 4993 53
9450 9717 37
4496 7565 45
8659 9890 81
7751 9977 17
5756 5791 32
8079 9882 36
2573 2761 58
6303 9086 62
8493 8570 86
2687 6859 19
4707 6955 2
7982 8945 87
742 6181 1
3234 9615 3
7392 8114 22
9533 9567 9
8712 8757 88
632 7952 16
868 4992 30
7467 9967 74
588 2523 77
4555 5845 44
8 6575 76
7498 8765 91
4419 5792 22
9030 9038 89
3325 8965 77
1126 9987 64
9180 9467 30
3324 5248 32
8939 9930 18
3126 5081 30
9648 9977 32
1337 3019 36
2695 4856 81
7706 8959 30
2034 8590 12
3980 6423 98
3040 5127 13
8182 9504 9
5424 8266 100
4999 6739 35
9686 9905 91
2209 4741 81
5287 9581 60
9832 9945 41
8085 8892 19
2794 7874 87
4112 7219 62
5490 7344 23
1658 7612 25
1109 8353 30
13 9753 26
1110 5010 75
1836 6168 86
3594 8597 78
5848 7906 57
4992 8169 61
7169 8334 47
9092 9338 1
3335 7529 23
2711 4197 85
9617 9993 36
4362 7192 53
7617 8126 67
5691 8951 92
8212 9954 12
2364 6092 18
5032 8272 41
1257 8990 50
6286 8766 91
9523 9669 22
4779 7725 64
6262 7408 69
600 3993 100
4690 5547 33
1607 5234 45
9091 9716 36
7524 8319 77
9871 9953 91
3464 7900 10
382 2219 36
2455 4638 89
3158 9547 65
7773 9249 10
67 1607 81
9714 9930 68
9019 9710 90
6225 9070 27
2790 3928 40
2783 4359 81
331 3417 53
5327 7932 22
3563 9392 67
116 4177 35
4350 9789 19
3420 4714 55
951 1631 57
1199 4915 18
7254 9959 18
4880 8954 29
8836 8919 69
6430 9939 8
3466 8700 100
8785 8856 86
1373 4119 95
9320 9700 99
280 7468 38
4463 9871 54
4532 6588 42
3715 4358 22
2461 7788 70
4862 5946 64
1758 9319 59
8445 9997 84
9602 9763 82
2572 6325 79
9837 9902 77
7603 9212 69
3575 5699 97
8785 9712 14
8610 8841 42
9602 9825 90
2851 6988 11
1030 2814 50
4761 8079 17
648 1027 84
532 1574 81
6839 7939 83
8977 9876 37
7573 7680 71
2310 6138 43
3396 6505 75
6983 9077 20
7933 8592 25
9931 9948 58
5252 6052 69
6751 8841 38
7268 7687 17
908 1711 18
4171 8793 14
5352 5714 10
4500 9372 1
9584 9604 7
5704 6605 67
1509 9949 42
5454 5671 26
8300 9315 85
696 4415 50
367 6005 30
749 3649 33
4312 8564 82
9887 9993 23
5597 7160 89
1821 5071 10
9676 9691 53
9076 9364 13
3093 4541 81
6686 8934 24
8025 8712 65
8781 9591 92
7042 8414 51
6739 8507 37
5916 9085 68
3645 7529 75
8604 8607 8
7837 8353 64
7561 8151 25
7877 9286 64
9987 9994 41
1694 3183 43
2369 9096 38
5318 6714 46
6996 8828 70
157 8647 29
164 4726 98
1977 9241 7
1337 3272 90
2148 8654 66
5139 7208 34
9565 9746 96
6842 7392 86
2817 5113 56
6768 8100 28
9514 9829 62
4493 9736 65
6324 8167 76
4195 6245 90
183 9637 75
5791 7478 2
4985 4994 18
7443 9413 41
8482 9978 68
5846 7312 98
6551 7059 83
1341 4453 62
9246 9413 83
2824 9258 50
8127 8803 4
6937 7133 46
1013 6987 20
657 1766 87
9986 9993 82
2430 5118 8
2959 8513 70
5698 6696 90
8291 9702 24
7592 7960 11
6199 8759 96
2680 8091 34
5317 7491 1
5017 9697 77
9682 9732 57
1609 2697 50
3889 8815 50
602 3149 12
8292 9697 11
9934 9965 70
9387 9780 97
8969 9013 87
9897 9929 99
612 2848 62
1944 6243 4
1970 4340 75
5057 7015 63
6620 7380 2
9222 9655 55
2262 3127 63
6620 8449 81
483 2227 4
6970 9177 68
6687 9799 93
3810 6473 65
3172 4014 77
1999 8164 34
9495 9991 13
6151 6643 37
3919 7898 16
6258 8200 84
1100 6232 78
3771 5506 87
5972 9680 93
6832 7673 43
354 5472 66
9342 9479 55
9307 9744 10
1149 8514 98
6930 7369 27
5599 9484 29
4730 9240 59
3253 5148 43
4451 6763 8
6481 8892 100
164 7020 66
8400 8803 64
8557 9590 39
2546 3935 71
7290 8284 77
5758 9025 80
3576 3876 7
6040 8322 83
6072 9093 99
8085 8115 1
2714 6999 39
8751 9376 36
1641 6287 63
2158 2977 1
510 830 90
9250 9471 50
7072 9926 88
15 6428 56
6786 8066 8
6863 8190 22
8405 8687 46
3963 7899 52
9910 9912 37
2584 3771 94
6848 9248 94
7307 9071 36
9489 9763 5
4263 8467 3
9965 9969 76
1375 4501 58
7175 8423 46
9389 9828 39
9664 9806 58
5164 7311 41
6396 8173 51
137 8083 67
7491 7851 74
9542 9591 47
5793 7817 47
9766 9984 54
6719 6783 50
2856 4588 61
9093 9915 58
7911 9464 30
650 3308 35
9342 9829 59
2787 3687 31
4441 5744 37
4903 8792 64
1274 2434 65
7834 9841 22
8996 9339 13
2099 7004 16
4827 5595 99
1779 6394 49
7110 8391 38
7551 8544 87
1311 6546 4
8996 9697 27
764 4487 99
4640 8006 75
2636 4792 86
523 724 69
4982 8543 26
9306 9827 8
8850 9495 59
3071 8924 56
8962 9026 36
1226 5524 20
4463 8595 6
4648 6373 6
6041 9328 14
386 5256 18
1688 5445 17
2232 5857 88
1170 4420 68
9828 9829 54
1783 4646 68
8367 9140 74
1021 6917 99
9203 9566 11
9113 9614 49
3510 9852 51
6844 9423 100
7911 9109 97
7340 7769 16
2243 9049 83
686 1138 91
3576 7393 60
4833 7164 37
8999 9050 78
3398 8518 19
8340 9228 40
9689 9946 63
855 5273 12
7226 8568 89
1474 1477 64
9786 9885 80
6721 9493 15
5798 9038 84
9791 9981 66
7415 7904 39
6292 8428 5
208 391 30
8720 9585 31
4884 9281 5
8404 9481 14
9147 9404 95
6688 9353 47
7386 9384 75
5490 9856 11
1497 2891 12
2298 6222 1
8325 8444 36
5657 7770 88
8007 8936 36
1577 9459 10
449 7277 5
5458 9601 48
2980 8866 17
1554 3805 85
5352 7502 54
1969 4961 17
8480 9360 25
734 9717 11
5642 7024 88
2352 7591 4
8498 9668 75
8664 9946 17
483 6771 49
8897 9356 24
9288 9299 23
7022 7552 16
9562 9783 92
3179 3431 47
5338 7354 99
150 6547 77
4420 8253 74
2188 5413 100
8637 8964 16
5678 6354 38
6903 8832 77
3048 7857 72
9661 9933 88
3150 4182 69
7265 8718 69
763 7255 47
8170 9572 21
6686 6802 36
3363 7351 2
4555 4832 84
8329 8761 14
6862 9618 72
8894 9262 33
5473 5674 4
7316 8618 68
3088 7423 2
193 6990 33
9096 9228 65
1861 9997 22
990 5962 26
1166 6602 17
8675 8957 26
2986 5980 18
2512 6956 26
546 6537 38
6798 8433 41
905 9725 56
237 7774 81
5668 8314 47
4987 9240 8
8967 9655 67
2230 8022 9
9696 9708 45
5668 8318 19
2548 8598 41
7312 8841 61
4855 8136 69
8490 8665 55
9465 9964 55
4855 8219 25
720 2593 51
1837 8696 1
6313 8028 94
2662 5276 40
1066 8140 43
1860 9858 39
3028 3720 7
1110 5456 86
4947 6764 42
5990 9997 22
4061 7524 86
2716 4562 96
6448 9810 95
8052 9916 85
4565 7377 9
6388 7990 65
5173 7629 66
3997 7178 49
9161 9366 84
4458 4652 48
5097 5509 84
513 729 91
8281 9440 43
5758 8006 43
6297 7909 42
3192 6641 76
5898 9416 1
6677 7996 61
6016 7266 61
3979 9801 6
5375 9273 49
5589 6384 60
3047 5244 87
159 8323 66
3776 8228 79
6833 7300 48
4669 5294 16
1980 3365 7
6039 6475 82
5027 6940 91
7460 7850 60
4802 7896 64
850 6994 68
4778 5417 91
5585 6061 86
882 9135 90
22 3616 91
2840 8445 37
6740 9983 65
5929 6849 67
7264 8781 65
1141 6686 31
6418 7635 28
3973 8169 59
8419 9568 84
4852 9383 33
2204 6665 5
3084 4604 47
8302 9089 72
513 690 24
1512 2619 31
3660 9568 72
2272 3295 49
958 5380 86
8765 9362 16
1398 7988 57
1397 7203 20
6015 6911 72
2497 6574 71
8301 8419 64
7398 8393 77
9315 9873 82
6160 8073 76
5929 9645 38
2633 3339 20
1764 2734 89
7190 9792 84
7427 8453 9
985 9293 46
8418 8657 74
2150 4645 62
9907 9939 16
3308 6295 67
5253 8916 58
1470 5149 82
9246 9785 67
6321 8895 6
781 5544 92
5171 9724 68
8391 9898 85
2256 2717 1
416 9763 67
5342 8583 4
7311 8183 28
5221 8489 26
3153 5103 76
9523 9833 93
6929 7602 12
8230 9724 93
8068 9715 15
2512 7652 98
2347 2841 54
1329 9032 48
905 6441 91
8299 9651 31
2236 4893 58
8341 9776 87
4564 7591 87
5775 9383 79
2843 3079 90
8959 9045 52
6135 8635 14
3846 5210 53
5132 8198 8
101 3110 11
4419 9697 44
9452 9673 86
4854 7339 21
3491 3861 15
6807 7365 68
5653 7742 1
9403 9834 97
2695 2893 45
4120 5577 99
5862 7816 61
4353 8434 54
8339 8877 66
2526 3846 88
8623 9927 67
5250 8643 43
9219 9332 10
5907 8872 64
4057 6743 11
4584 9154 92
2579 6121 9
5787 8205 86
7002 8634 35
8559 9744 32
6631 7597 94
4626 6327 52
959 6684 57
5351 5861 15
3269 9528 73
5382 8042 81
4879 5584 72
8641 9219 97
8800 9573 11
3815 5408 58
5492 7101 62
2251 5685 24
5432 7715 21
2738 9166 55
1748 5496 79
3521 8415 51
5643 6366 40
2910 9926 17
9956 9960 93
613 9328 80
7091 7643 59
2023 8728 100
5070 5489 47
8441 9055 50
5193 8392 40
8806 9341 22
7426 8173 84
4075 5966 90
8343 9613 35
8130 8528 29
7223 8445 2
6567 8091 92
2093 7930 5
1735 7722 24
5853 7517 97
2553 4262 47
9520 9616 14
9781 9985 53
4471 9945 68
9022 9088 5
3633 8779 65
9280 9286 66
9577 9764 78
7550 9885 76
3030 6933 100
9627 9688 40
1012 4220 45
8770 9631 93
728 7361 72
6773 9346 89
3210 9149 31
493 6570 7
2252 4840 69
4264 8446 55
2433 3251 35
2522 9098 4
6502 7121 44
6524 6866 58
971 5226 80
6882 9922 18
8484 9589 91
9476 9929 7
5234 7216 32
3373 6779 95
1078 1200 37
3462 9240 44
1116 3405 15
